0t.jpg 48 74 195 263
1t.jpg 226 996 1050 1288
2t.jpg 94 46 367 167 
3t.jpg 314 222 1061 685
4t.jpg 344 25 568 118
5t.jpg 350 96 748 831
6t.jpg 194 407 485 728
7t.jpg 313 429 1155 1241
8t.jpg 511 17 930 186
9t.jpg 193 49 363 181
10t.jpg 537 563 723 732
11t.jpg 177 47 356 350
12t.jpg 77 62 252 234
13t.jpg 271 366 384 600
14t.jpg 42 383 208 559
15t.jpg 204 244 366 322
16t.jpg 343 17 656 150
17t.jpg 33 420 547 589
18t.jpg 396 38 677 134
19t.jpg 171 161 275 318
20t.jpg 37 348 271 432
21t.jpg 46 264 237 325
22t.jpg 30 274 195 338
23t.jpg 456 168 582 255
24t.jpg 379 38 492 266
25t.jpg 339 339 487 446
26t.jpg 131 343 407 470
27t.jpg 339 27 613 184
28t.jpg 317 83 416 203
29t.jpg 22 347 298 428
30t.jpg 64 33 323 168
31t.jpg 362 350 513 448
32t.jpg 7 266 246 376
33t.jpg 94 451 231 598
34t.jpg 459 183 785 559
35t.jpg 106 382 287 539
36t.jpg 75 244 186 347
37t.jpg 502 289 684 517
38t.jpg 149 367 287 451
39t.jpg 310 21 530 351
40t.jpg 494 45 722 207
41t.jpg 287 823 831 1425
42t.jpg 17 23 583 477
43t.jpg 62 335 216 396
44t.jpg 58 113 311 377
45t.jpg 339 1041 785 1217
46t.jpg 847 55 1709 535